iinj normal
0 0.00
1 0.00
2 0.00
3 0.00
4 0.01
5 0.03
6 0.04
7 0.06
8 0.06
9 0.09
10 0.11
11 0.17
12 0.23
13 0.31
14 0.47
15 0.56
16 0.57
17 0.77
18 1.06
19 1.31
20 1.69
21 1.67
22 2.33
23 3.44
24 4.44
25 4.32
26 6.08
27 7.59
28 5.65
29 9.25
30 0.00
inub normal
0 0.00
1 0.00
2 0.01
3 0.03
4 0.20
5 0.66
6 4.40
7 32.58
8 59.82
9 59.92
10 59.91
minj normal
0 0.00
1 0.00
2 0.01
3 0.04
4 0.07
5 0.14
6 0.16
7 0.26
8 0.30
9 0.62
10 0.61
11 1.21
12 1.49
13 3.01
14 2.82
15 4.43
16 7.83
17 10.44
18 12.18
19 15.79
20 22.04
21 19.88
22 26.52
23 28.16
24 59.43
25 54.12
minj mmerge
0 0.00
1 0.00
2 0.01
3 0.04
4 0.06
5 0.11
6 0.17
7 0.27
8 0.44
9 0.64
10 0.71
11 0.82
12 1.41
13 2.29
14 3.86
15 5.52
16 6.67
17 10.34
18 11.49
19 19.71
20 19.75
21 25.09
22 25.81
23 35.98
24 59.92
25 59.90
minj unlabel
0 0.00
1 0.00
2 0.02
3 0.04
4 0.10
5 0.25
6 0.44
7 1.14
8 1.84
9 2.98
10 20.44
11 20.72
12 59.93
13 59.91
14 59.93
15 59.91
16 59.91
17 59.91
18 59.91
19 59.89
20 59.91
mnub normal
0 0.00
1 0.00
2 0.04
3 0.11
4 0.29
5 1.09
6 3.31
7 20.59
8 59.93
9 59.77
10 59.92
mnub mmerge
0 0.00
1 0.00
2 0.03
3 0.07
4 0.44
5 0.69
6 4.39
7 48.12
8 59.92
9 59.93
10 59.90
mnub unlabel
0 0.00
1 0.00
2 0.06
3 0.14
4 0.39
5 1.33
6 3.38
7 53.37
8 59.93
9 59.91
10 59.92

