Time limit: 240
minj normal
0 0.00
1 0.00
2 0.03
3 0.02
4 0.10
5 0.12
6 0.17
7 0.25
8 0.31
9 0.51
10 0.66
11 1.04
12 1.40
13 2.77
14 3.62
15 6.75
16 6.69
17 15.24
18 10.69
19 16.21
20 23.51
21 27.90
22 23.87
23 31.11
24 50.26
25 77.96
26 135.94
27 144.48
28 234.79
29 Command exited with non-zero status 124
239.68
minj mmerge
0 0.00
1 0.00
2 0.01
3 0.05
4 0.07
5 0.11
6 0.16
7 0.29
8 0.41
9 0.52
10 0.71
11 0.79
12 1.41
13 1.96
14 4.03
15 5.67
16 5.14
17 10.77
18 12.10
19 14.11
20 20.17
21 41.75
22 28.53
23 25.94
24 51.70
25 109.10
26 150.57
27 Command exited with non-zero status 124
239.70
minj unlabel
0 0.00
1 0.00
2 0.03
3 0.03
4 0.14
5 0.29
6 0.36
7 0.97
8 1.52
9 4.55
10 7.40
11 22.26
12 34.86
13 Command exited with non-zero status 124
239.75
mnub normal
0 0.00
1 0.00
2 0.05
3 0.08
4 0.31
5 0.99
6 3.19
7 45.95
8 Command exited with non-zero status 124
239.70
mnub mmerge
0 0.00
1 0.00
2 0.05
3 0.06
4 0.27
5 0.35
6 3.31
7 22.65
8 Command exited with non-zero status 124
239.52
mnub unlabel
0 0.00
1 0.00
2 0.02
3 0.13
4 0.32
5 1.32
6 5.92
7 29.65
8 Command exited with non-zero status 124
239.55
iinj normal
0 0.00
1 0.00
2 0.00
3 0.00
4 0.00
5 0.01
6 0.04
7 0.04
8 0.06
9 0.10
10 0.11
11 0.18
12 0.25
13 0.30
14 0.40
15 0.41
16 0.61
17 0.79
18 0.86
19 1.18
20 1.60
21 2.33
22 2.31
23 2.44
24 4.63
25 5.27
26 6.48
27 4.40
28 5.12
29 8.91
inub normal
0 0.00
1 0.00
2 0.01
3 0.04
4 0.18
5 0.55
6 3.80
7 24.41
8 205.85
9 Command exited with non-zero status 124
239.75
qinj normal
0 0.00
1 0.00
2 0.01
3 0.02
4 0.10
5 0.20
6 0.77
7 0.78
8 1.90
9 27.90
10 80.61
11 122.51
12 Command exited with non-zero status 124
239.67
qnub normal
0 0.00
1 0.00
2 0.02
3 0.07
4 0.41
5 3.85
6 9.32
7 Command exited with non-zero status 124
239.61
