x y
0.14403 0.12714
0.21982 0.21892
60 0.25778
60 1.29416
60 3.34189
60 1.62251
60 2.66639
60 9.39519
60 10.03674
60 9.89621
60 16.63088
60 33.42112
60 22.03413
60 43.50602
60 0.17012
60 0.35894
60 0.58285
60 1.87145
60 60
60 60
60 60
60 60
0.18440 0.17308
60 0.30887
60 0.62097
60 3.98907
60 60
60 60
60 60
60 60
60 0.06413
60 0.14655
60 0.07270
60 0.10923
60 0.09164
60 0.11024
60 0.12030
60 0.12915
60 0.17113
60 0.20827
60 0.22851
60 0.38423
60 0.37053
60 0.39800
60 0.09744
60 0.15308
60 0.22052
60 0.67670
60 2.14177
60 31.58104
60 60
60 60
60 0.09847
60 0.23046
60 0.19625
60 0.22863
60 1.50940
60 3.61838
60 51.22643
60 60
60 60
0.13450 0.13215
0.44379 0.46220
0.45363 0.51274
0.45088 0.66844
60 57.93588
60 60
49.24688 60
0.07253 0.38507
0.08413 0.09506
0.11094 0.15345
60 0.19616
60 0.21945
60 0.29286
60 0.44096
60 0.54124
60 0.99386
60 1.12280
60 1.99328
60 2.27396
60 3.50087
60 6.08135
0.10918 0.23102
60 0.12154
60 0.27720
60 1.86788
60 5.60601
60 60
60 60
60 60
0.10663 0.23584
0.14294 0.12454
0.27801 0.20605
1.72031 0.46405
60 3.99676
60 30.11283
60 60
60 60
0.14421 0.28094
0.19164 0.30590
0.54100 3.21047
60 28.12984
60 60
60 60
60 60
60 60
60 60
60 60
60 60
60 60
60 60
60 60
0.50080 0.35844
2.68020 0.51202
3.85526 2.16755
60 60
60 60
60 60
60 60
60 60
0.33993 0.35320
0.52861 0.39310
2.38732 3.12201
60 60
60 60
60 60
60 60
60 60
0.11802 0.04578
0.04977 0.04880
0.05183 0.05097
0.05971 0.05938
0.06746 0.06666
0.07918 0.07748
0.10656 0.10425
0.15278 0.15058
0.20965 0.20922
0.38341 0.38430
0.57926 0.49379
1.26258 0.85838
1.45134 1.35819
3.74487 2.74429
0.18290 0.07479
0.08979 0.08825
0.15565 0.15350
0.36549 0.36459
3.86027 3.67389
60 60
60 60
60 60
0.18749 0.07496
0.08518 0.08429
0.10972 0.11068
0.24556 0.24658
1.24825 1.18979
31.98489 30.74830
60 60
60 60
0.61730 0.37095
0.30734 0.15630
0.37254 0.20318
0.23208 0.09908
0.15473 0.12634
0.31405 0.13167
0.78254 0.22711
3.45679 0.51882
7.92367 2.60401
17.07073 4.21869
38.01568 13.01057
60 56.05924
60 60
60 60
60 60
60 60
60 60
0.22747 0.14749
0.38668 0.19940
1.29346 0.35725
31.22135 4.60308
60 45.65137
60 60
60 60
60 60
0.22216 0.13808
0.25085 0.17438
1.05878 0.30272
7.07104 1.38969
34.38470 6.39350
60 60
60 60
60 60
60 60
60 60
60 60
60 60
60 60
60 60
60 60
60 60
60 60
60 60
60 60
60 60
60 60
60 60
60 60
60 60
60 60
60 60
60 60
60 60
60 60
60 60
60 60
60 60
60 60
60 60
60 60
60 60
60 60
60 60
60 60
60 60
60 60
60 60
60 60
60 60
60 60
60 60
60 60
60 60
60 60
60 60
60 60
60 60
60 60
60 60
60 60
60 60
60 60
60 60
60 60
60 60
60 60
60 60
60 60
60 60
60 60
60 60
60 60
60 60
0.00897 0.00829
0.00833 0.00819
0.00719 0.00686
0.00703 0.00687
0.20457 0.14241
0.48685 0.41666
0.31551 0.13812
60 60
2.16162 2.14090
0.24532 0.18434
60 60
3.42210 3.26697
60 60
30.13238 23.92160
0.93839 0.49066
60 60
60 46.32586
60 60
60 60
60 60
60 60
60 60
60 60
60 60
60 60
60 60
60 60
60 60
60 60
60 60
60 60
60 60
60 60
60 60
60 60
60 60
60 60
60 60
60 60
60 60
60 60
60 60
60 60
60 60
60 60
60 60
60 60
0.06856 0.07002
0.13748 60
0.08518 0.09094
3.15527 0.19509
0.39384 31.72048
0.18050 0.18139
0.08539 0.08305
0.98570 0.41788
9.19049 5.10112
22.96116 19.94607
60 60
60 60
60 60
0.87012 0.52461
31.53579 7.90962
0.24897 60
0.17853 0.12359
0.06920 0.06788
4.02076 0.35898
60 60
60 60
60 60
60 60
60 60
